33405 1
33615 4
19148 20
25759 10
32207 1
43727 1
27258 53
18069 4
14397 1
28031 6
28031 3
20073 1
9253 10
27258 50
39326 1
34176 2
14571 2
14436 4
30348 1
40644 3
31294 4
6158 17
13010 12
30506 5
18069 5
7026 1
5565 6
21177 1
24729 2
8542 6
28563 4
32207 4
19413 2
39756 5
21222 1
30430 1
4209 10
15235 4
9307 15
38290 4
27718 4
8010 4
8157 21
3343 3
32236 9
42627 6
36432 8
17472 1
14152 1
618 4
28227 2
27905 63
23730 3
30258 4
28563 1
42670 1
30258 8
6608 1
9253 1
27258 28
26112 1
21308 5
27718 2
34904 5
40228 31
26686 13
2021 6
4121 1
12895 2
40412 9
36079 1
40228 67
47 2
33687 1
43417 2
34140 1
35676 1
20799 2
35254 1
3539 3
10684 8
3539 2
4472 1
27571 3
41465 3
6221 1
25831 26
2439 2
9796 2
27258 49
34949 60
22207 36
27258 31
22687 1
30322 4
3490 2
8157 15
12801 10
14397 6
19421 10
2270 6
21655 1
38753 6
3922 16
4209 9
41050 8
28969 6
3762 10
19421 2
16493 1
32178 1
9307 23
4167 1
32440 1
9560 70
44344 4
20300 2
13538 1
19731 2
20935 2
24173 5
8542 9
9253 2
19836 5
30258 7
8542 7
33655 8
19148 21
20073 3
36432 7
33416 13
8010 2
9560 50
40654 2
8542 8
10759 2
4752 1
44291 12
32662 1
3343 13
23138 6
40228 70
17793 11
44173 7
5223 2
39872 1
3539 14
34474 7
21778 2
40306 3
11317 2
35373 5
11970 5
